.9 .6 .1 .1  1
.9 .5 .1 .1  1
.8 .8 .2 .2  1
.9 .1 .2 .1  1
.9 .1 .1 .1  1
.9 .9 .1 .1  1
.7 .6 .1 .2  1
.7 .1 .1 .1  1
.5 .1 .1 .1  1
.6 .1 .2 .2  1
.8 .3 .4 .3  1
.5 .2 .3 .2  1
.6 .4 .4 .1  1
.4 .1 .1 .1  1
.8 .3 .3 .3  1
.1 .6 .9 .1  0
.2 .5 .8 .1  0
.2 .8 .8 .2  0
.1 .1 .9 .1  0
.1 .1 .9 .1  0
.1 .9 .9 .1  0
.2 .6 .7 .2  0
.1 .1 .7 .1  0
.1 .1 .5 .1  0
.2 .1 .6 .2  0
.4 .3 .8 .3  0
.3 .2 .5 .2  0
.4 .4 .6 .1  0
.1 .1 .4 .1  0
.3 .3 .8 .3  0
.1 .1 .1 .9  .5
.2 .2 .2 .9  .5
.3 .3 .3 .9  .5
.1 .2 .3 .6  .5
.4 .5 .5 .6  .5
.3 .4 .3 .7  .5
.2 .2 .2 .9  .5
.9 .9 .1 .1  1
.9 .8 .2 .2  1
.8 .7 .1 .4  1
.2 .9 .9 .1  0
.3 .9 .8 .2  0 
.4 .8 .7 .1  0

